0 0.00015717779 -0.01599804877 0.99987201067 0.08372735744 -0.99999357035 -0.00358459191 0.00009984308 0.02091938060 0.00358253582 -0.99986559754 -0.01599850933 -0.13379192488 0.00000000000 0.00000000000 0.00000000000 1.00000000000
1 0.99996258789 0.00276828050 0.00819508661 -0.01203026275 -0.00818985885 -0.00189453854 0.99996466784 0.10700825263 0.00278370860 -0.99999437366 -0.00187179583 -0.13422271475 0.00000000000 0.00000000000 0.00000000000 1.00000000000
2 0.00201877838 0.00782156102 -0.99996737333 -0.05763540951 0.99999389494 0.00283625306 0.00204101657 -0.01492037315 0.00285212446 -0.99996538883 -0.00781578750 -0.14195668889 0.00000000000 0.00000000000 0.00000000000 1.00000000000
3 -0.99997040546 0.00192661621 0.00744824538 -0.00154008732 -0.00744668965 0.00081341081 -0.99997194219 -0.07268750534 -0.00193262064 -0.99999781325 -0.00079903983 -0.12553171698 0.00000000000 0.00000000000 0.00000000000 1.00000000000