/**:
  ros__parameters:
    camera:
      model: EquidistantCamera
      width: 3040
      height: 4032
      scale: 0.25
      fx: 1192.3693958329181
      fy: 1192.2974161347324
      cx: 1482.8936759196167
      cy: 1991.7309822067498
      k1: -0.009368926563676605
      k2: -0.0028549907638105074
      k3: 2.2388592029118634e-05
      k4: -0.0003622868223374491
