cam_model: Pinhole
cam_width: 1280
cam_height: 720
scale: 1
cam_fx: 897.4596557617188
cam_fy: 657.0736083984375
cam_cx: 897.8496704101562
cam_cy: 358.958251953125
cam_d0: 0.1318076252937317
cam_d1: -0.449052631855011
cam_d2: 0.0010584293631836772
cam_d3: 0.0007639264222234488
