cam_model: Pinhole
cam_width: 2048
cam_height: 1536
scale: 1
cam_fx: 1857.4752797615988
cam_fy: 1869.2155909761746
cam_cx: 1039.692658811044
cam_cy: 739.3362262994145
cam_d0:  -3.3474604323919716e-01  # k1
cam_d1:  2.0887608302549923e-01 # k2
cam_d2:  8.4845632526369460e-04   # p1
cam_d3:  4.2905149321811908e-04  # p2
