cam_model: Pinhole
cam_width: 1280
cam_height: 720
scale: 0.5
cam_fx: 526.3363575768044
cam_fy: 524.2599465830309
cam_cx: 645.7443125387477
cam_cy: 375.39074004467926
cam_d0: -0.04854763160316913
cam_d1: 0.0061494289262468355
cam_d2: 0.00038752369548267614
cam_d3: 0.0008145282543113943